,0,1,2,3
0,23.0,0.7927239725826167,0.15098785896808398,0.41138181733273027
1,0.8220583470065057,0.9131986626400191,0.04766628352236979,0.33106162864458655
2,0.7185619428211204,0.5978347485317856,0.05602854816903691,Zubair
3,0.4920908690035579,0.5098819261371431,0.1208944147133324,0.9149721085802206
4,0.8105392148230413,0.1961654155656184,0.01014577858870458,0.4081676840466557
5,0.7908971052208688,0.7966355335816268,0.5324595019113338,0.6099094974917101
6,0.9691000877103416,0.7060826272374005,0.0750881571214782,0.8284154782343979
7,0.10491089161714107,0.7777442406921738,0.7716506585508632,0.8576485419527226
8,0.5214893885368795,0.6317736329029416,0.7356714838051914,0.43989378541939494
9,0.2490759000382211,0.619316967059806,0.5772996070616998,0.5334450562649349
10,0.7559946028359059,0.5708862456430455,0.47406659848496724,0.9318564340220078
11,0.7505520738709902,0.1830032223790995,0.5070283849282046,0.9192581961598153
12,0.5140585977892509,0.22814164387562075,0.9566680965441456,0.3401488424637952
13,0.9256079847921602,0.14073704483339855,0.7870841136631928,0.9442990657952128
14,0.30130543279616195,0.26831065885071226,0.997129084936753,0.7559367211688494
15,0.1770818436290874,0.5174807342209685,0.3008920947574554,0.6028215583051914
16,0.5887198883210002,0.08604090858517321,0.2199557830730453,0.48747499617256984
17,0.6891842087694653,0.1752168888394563,0.6047263512882385,0.2009038037694545
18,0.3434929193620917,0.06994876943366501,0.9274971904372559,0.724436299158871
19,0.7316288961082915,0.8681024618749761,0.6293936321714132,0.23372013805155423
20,0.10014560185943633,0.43213125977291234,0.12523403814855583,0.31313628311757624
21,0.11165804149461911,0.2707292908765979,0.17662412689271045,0.47558880266671977
22,0.26864509807688375,0.6602065916381945,0.766934051468413,0.3996846433155401
23,0.4990889859473423,0.6950557687692488,0.1459187827520363,0.7192264701336163
24,0.1631643690133916,0.1793388948333996,0.10615225343019408,0.3553459611580071
25,0.8529172109629687,0.5487294525244645,0.5327008007925693,0.8126904439670181
26,0.1144289075496856,0.6640246613896778,0.9815092100220347,0.8172026314483999
27,0.6142819664621836,0.013517731714081216,0.9213558873535664,0.6254883365493991
28,0.3870266382951687,0.711672714222078,0.31597923046622367,0.8924086428925189
29,0.5746229910120263,0.9595936554191993,0.8252823500168424,0.4612105358063462
30,0.9952912868355451,0.5906207728721583,0.884076064671452,0.1927010940702275
31,0.778743946013399,0.723978905953669,0.8010790370324816,0.6527724918685412
32,0.760513239083601,0.8725176006529827,0.6639299077609263,0.37983419622625547
33,0.42447724524095054,0.2843002924296897,0.14309257008289722,0.3851302604044662
34,0.06391481824209566,0.06296486459285977,0.9804038246332104,0.8028326797273567
35,0.006390445039178849,0.2504781081473416,0.595571129435,0.9365520743778029
36,0.800979876867548,0.6338352987192674,0.9312350385316996,0.7039231016075911
37,0.7825926837028024,0.25036464299535655,0.11877554118026656,0.3471723179081002
38,0.333439779660351,0.7049004943930639,0.33593370806609246,0.6501832178760631
39,0.40006144724563597,0.2619531536655395,0.35093571232506426,0.8380213114253002
40,0.5821448605231256,0.5529216881005106,0.5136427330306126,0.19673041997845464
41,0.9400607365321537,0.738343136504613,0.42643686810939174,0.6855915549062708
42,0.6341984650768735,0.2126055717976154,0.7997211801864833,0.6015206460087171
43,0.1164025198000197,0.9484596657645341,0.0812721409327325,0.389281853083833
44,0.4730685144631196,0.07521515677409552,0.6785086178518883,0.6829333516860633
45,0.4879387441329013,0.35139023630054733,0.684315526546736,0.14170446374059553
46,0.09433971564755417,0.5171608653841868,0.3779824552205616,0.6781711650077601
47,0.5305816811042581,0.9102326974784586,0.3330940827474187,0.5445567751457434
48,0.26990991490132565,0.37292281542101235,0.018322401552298917,0.14324553040175803
49,0.05389577840170778,0.980768610439855,0.15310315110278616,0.795026355198932
50,0.420346339977811,0.8198304101291383,0.3697892070443749,0.10841674558291503
51,0.8163217444895451,0.9733040991214827,0.34652187313996785,0.18054331743059704
52,0.7984359317887504,0.5683846093442374,0.08438101823993849,0.3269794394492548
53,0.9197380112150256,0.5113529876539639,0.14802677758202532,0.029752033194019645
54,0.32277995909215806,0.8202656851954666,0.10819618780720708,0.13728256621780188
55,0.04930255097158076,0.13553659484321734,0.741776682518199,0.18132561764322097
56,0.41772833039126045,0.43363342754095,0.005322276695940986,0.09232389501550853
57,0.6191400365087192,0.7749664123559623,0.27850914261182824,0.9272954933770666
58,0.7132472194226975,0.03188121138368982,0.8143088876753904,0.1667388912635338
59,0.3869076207195754,0.3635558764246929,0.9266625155078374,0.060203187868704267
60,0.013347262143298622,0.7563964200686942,0.2872077858579848,0.21760053818427794
61,0.6768068780993972,0.8276742022134521,0.44683667967140905,0.7364392930014884
62,0.5777271985566241,0.5778129674758131,0.7959737365309665,0.3524542511359927
63,0.32035841239577023,0.7500999883829357,0.33060817453126223,0.0777184034227748
64,0.02814761211169492,0.10654676406861041,0.8204203550094341,0.971654391823351
65,0.6973144501187486,0.19384853764040388,0.20700987335813836,0.8353282998085858
66,0.448324762754852,0.3279199726893628,0.7373031329837844,0.24633667319556507
67,0.29029547376193576,0.34955081636607954,0.8984839830941206,0.011317589396853234
68,0.6502269792594169,0.03567034198873631,0.23850659658389672,0.153716918545166
69,0.8751240904371459,0.42660953402089563,0.8666395710028911,0.9216735380579149
70,0.8530946749100544,0.9448567671312861,0.04576179066454367,0.2904060115021847
71,0.8171128904269599,0.32765109081039545,0.12846494700454625,0.08348352537805037
72,0.0021333072931956076,0.8307807606786638,0.995101695934896,0.6972950971801709
73,0.5914063319453298,0.5092786166060103,0.5630922322597642,0.05921280747785185
74,0.6065340221763101,0.1263343886891959,0.8389968413194787,0.1750633584375797
75,0.38501738403127495,0.7860270031386231,0.17791852443049905,0.560583575425536
76,0.5290150547029968,0.26110418543772695,0.9553177466677188,0.04763627369385304
77,0.8121115883138272,0.5357248864458656,0.1825993687665658,0.9145393401265759
78,0.8740074361914358,0.6335752287508577,0.8712910794778427,0.019981493508289594
79,0.4184516556341735,0.1666543471329449,0.2240045279832863,0.4838874454862663
80,0.28366320408418444,0.11885780414039049,0.5284301465987546,0.9491678382896194
81,0.32146150125966577,0.34863368360635305,0.03996785740571884,0.9288033775494242
82,0.6666934424395887,0.9312711070454791,0.29937276496484877,0.724297721215961
83,0.8792022829552439,0.8425767587826242,0.42818865051614907,0.4897929539439725
84,0.2758187316020577,0.9126543152423543,0.8470450339694843,0.19702241958946876
85,0.1372124416107784,0.1947142483165043,0.5757965478771045,0.8810568193838157
86,0.7052500132752966,0.3621243862587695,0.899190617987358,0.033117493641678486
87,0.4182199534501603,0.7071538477745534,0.9799831722007264,0.568412076229075
88,0.8676883455708789,0.5570264666723471,0.2746289217236211,0.7412152596809475
89,0.9605747350898699,0.9974170108377677,0.17851410406873391,0.24718648978916014
90,0.7874090444736884,0.2507615464657128,0.34186333383819123,0.5947344725024885
91,0.9617524332530905,0.626058183207309,0.13653498446159362,0.43625174999752026
92,0.672329238895199,0.4778473791176385,0.9019732601413721,0.15088613518164828
93,0.8817060627604664,0.20269237738765233,0.4230919432029906,0.6823364346315679
94,0.6186305091075625,0.08743093745631036,0.030989875843946635,0.7115000176077317
95,0.7456601919555688,0.008904854117245176,0.1990471314718485,0.19989247834555013
96,0.6713635777700847,0.7347886883719571,0.06745650249330759,0.5551225198674903
97,0.7605636604857318,0.14556428371108399,0.006949936038684101,0.02427556292997124
98,0.1852192715333465,0.34006409865231124,0.5248871151443923,0.6614731679146886
99,0.6741171242794869,0.6944251395395995,0.846822356973481,0.19719515951469058
100,0.9085677360834099,0.854722967031721,0.07976334743400193,0.5422160367335205
101,0.7602789842875741,0.09744170864899449,0.29444521210177355,0.8260061615476145
102,0.3078006336319121,0.9735663386911724,0.34765822132728297,0.3887455207642413
103,0.9057333206415606,0.9740410859717589,0.872372250450501,0.5208649309049389
104,0.6380216951820483,0.0659176001831161,0.1971661429936159,0.914364416693131
105,0.8757571848875988,0.6510229020686535,0.5684143170011227,0.3554943463892123
106,0.8079184915412996,0.3355633067025581,0.29491965010287213,0.24246125766196924
107,0.2531414406024862,0.7670778784863922,0.11080559071109031,0.8380759866630912
108,0.47278320737641977,0.915983842502195,0.9888914343325298,0.8459306881319683
109,0.18388380125236947,0.6362555971110212,0.42796841192157986,0.02031771623389589
110,0.5485480879373255,0.8641548746706292,0.7136563998610159,0.7391382238160678
111,0.9832617918409711,0.7191301676679197,0.8362751557606702,0.3829053852090626
112,0.8151108638107323,0.7381125663619983,0.3274412761236759,0.772096955960229
113,0.8826324449523709,0.015627386325563708,0.9816601335674786,0.7523695667592429
114,0.9198703985790477,0.018411674328261185,0.46290495449989144,0.8927091811103333
115,0.0828484615169327,0.5077058010638343,0.9141239262477193,0.13686740843877665
116,0.5288219161104013,0.9166487840116794,0.105030371808426,0.07348704597290046
117,0.2905889077817636,0.02396111657329847,0.711440667399374,0.5341829797292946
118,0.13279626590349347,0.4410246914296795,0.8835289055199033,0.7005119730949372
119,0.7363489767757149,0.6396928996043882,0.09466486925488493,0.019141042413766574
120,0.17348710663786537,0.8932126909502432,0.3214484506534261,0.00019542746118106358
121,0.9202066243409072,0.28889949262750514,0.7074742555714716,0.6098056959523785
122,0.5528123818605916,0.5996597719654446,0.8885700595812122,0.18656605833644135
123,0.810895761803751,0.021683287858328515,0.05006520557398486,0.48463810818475195
124,0.32339731443113806,0.7501012587578733,0.7055126168687801,0.8886917387389971
125,0.8696051449568116,0.469049172110264,0.6527344767721968,0.5473462584729609
126,0.4657483323240532,0.4012848176110565,0.6568528839412016,0.6505740534834248
127,0.5398174977795573,0.051735302314070974,0.48949345433103597,0.5650946295872863
128,0.34466059627892875,0.12419629368453011,0.6784066479626724,0.5981557873115667
129,0.4201075263574695,0.7007843268367507,0.08416747497011023,0.5258265454837935
130,0.11521427711924037,0.7179560613745298,0.9040600600725583,0.6760742839878167
131,0.5664591388751418,0.8856599493645445,0.7625365692816125,0.3825636726038153
132,0.10914189513985428,0.3747872365040468,0.5301147804719881,0.7768926557581595
133,0.7929188738046071,0.30195457317710295,0.7333458092674822,0.15040822427710887
134,0.12638087279392607,0.9321964818858325,0.08892807270652192,0.349009134167628
135,0.590445727837102,0.6176607055244415,0.5263654564865017,0.9595117531364558
136,0.604848947222179,0.7598330859058243,0.6723023856408745,0.5367335665704283
137,0.40767467274189206,0.9878922014514708,0.049513132640549684,0.588892441819722
138,0.7865939592572759,0.9008390649828247,0.3232319957149008,0.8043482938186652
139,0.7414711440797082,0.6664668410763417,0.14147567770175395,0.132112508766279
140,0.9229120577749697,0.2495515235954322,0.4811417164045617,0.4161818522619103
141,0.939804082008317,0.8680806737971692,0.41344342473172524,0.452170735979761
142,0.24489565789919665,0.908854623578282,0.44666457977461804,0.08888555951070931
143,0.5957750987870057,0.32305312216919724,0.4167799814605443,0.5965690008391435
144,0.4277252462976482,0.29461568663705073,0.91831514151586,0.7325825231296564
145,0.574262145056273,0.8134458063483035,0.7808356190550686,0.4428754267901378
146,0.530786046102273,0.4797089560083826,0.012302908447757055,0.5166951599273525
147,0.027069725498386932,0.1945507690826045,0.43740945695738553,0.0766279487831314
148,0.575469954952527,0.595994395219755,0.8971790761325167,0.9575826095698156
149,0.4787566038566088,0.40947200048364973,0.17654077644897603,0.3938577901165973
150,0.9589917274011319,0.5017848691585511,0.6229040849602383,0.2787363374098195
151,0.6056746911564685,0.05678235828151945,0.3913349098388653,0.6725070823076831
152,0.6957941125840537,0.9829693907327032,0.907239204314551,0.8222875244109513
153,0.06476838071047963,0.5814544750140089,0.4502255535347285,0.21203919685175476
154,0.4967825148256255,0.29214977333415326,0.9541450432176346,0.3906045751919225
155,0.3334903329538602,0.2766160432853618,0.631347842778486,0.6342375162826073
156,0.3248950164747929,0.10868779904743342,0.8549771416150499,0.4837201501971188
157,0.051062030340408904,0.8272025848536864,0.6617006977297261,0.6716014212399583
158,0.02396458258671119,0.5056804909984914,0.8113098885735116,0.9847990868342529
159,0.6043908760788097,0.06833708649022951,0.4427940396615092,0.9224990724387734
160,0.7974200284288789,0.5315421270835606,0.9580740090355745,0.5681414790775484
161,0.07029948147868181,0.6357009403974972,0.20219014555060433,0.9025189324759186
162,0.3540414127213376,0.5841666561053698,0.3227413129585619,0.21292291533758534
163,0.5419511453612507,0.9518258151064602,0.5728104534386279,0.1294058142045026
164,0.348960330161884,0.050799553231190564,0.5140815757026673,0.28444765745952616
165,0.9745729354780367,0.5937965901712509,0.32352002570960126,0.19835501101068242
166,0.9896747222565886,0.977496637975341,0.14277700484944122,0.49029951231042845
167,0.1124516385953177,0.5328600254985661,0.9957709329513885,0.8751950527058111
168,0.6813380454052624,0.44938778164947435,0.9597139657230515,0.3721357720939099
169,0.8993529312979497,0.31775274572589796,0.18026632899232653,0.9899316385081073
170,0.3065946468395536,0.13203202629995514,0.4746203069012491,0.8967609743009101
171,0.07999587588204882,0.7150664632555533,0.3913402312686608,0.03241885458311844
172,0.255127138871298,0.31754544473735025,0.4923887638922667,0.883240583254979
173,0.33890965452457766,0.9957117367384413,0.8418602276100596,0.6764975448257639
174,0.36363236858649095,0.7438041943936413,0.523536706598997,0.0630719807012895
175,0.506922383124327,0.9573060670139446,0.5220966071811906,0.18527862161516573
176,0.14448202229125695,0.884549160208393,0.6868420806126907,0.4455809915214881
177,0.7443988269160652,0.12917606849398566,0.8997786932957432,0.1848372151460692
178,0.29610873183105557,0.5838843135798552,0.2680154419997479,0.33354055873570154
179,0.7549339880039694,0.2864305208090868,0.3955732105862947,0.4922784541440046
180,0.927306562724275,0.14947049328668693,0.4424990923084824,0.9138634952079198
181,0.5044213242935578,0.6350362449538189,0.484843717225249,0.015862018064582095
182,0.6631297000128903,0.8611848811080697,0.1931015335753653,0.5722322567074193
183,0.2975641382283668,0.8499520561309742,0.2417510760580015,0.14189702279144079
184,0.5333893137201784,0.03377837896225022,0.9299183695765907,0.7002847186141842
185,0.4285722991374613,0.5902931748456146,0.7760594708020767,0.23776163506582804
186,0.6529295439608139,0.562765895346696,0.83707408776428,0.3738799715072465
187,0.7419257676960683,0.1739145137092285,0.43132497422525107,0.7653017193660988
188,0.7227458269717225,0.6549835341559986,0.7895914684964759,0.5702971149864037
189,0.3341360995699525,0.42280600717534333,0.031783756247187545,0.34515239516072893
190,0.22756575715698157,0.3133278818996118,0.6038565259762999,0.21879639188890787
191,0.55422438591946,0.19157005057699383,0.8245987377969721,0.2938899463136837
192,0.45597838721555095,0.1505628598552763,0.46377129708243636,0.925592163319296
193,0.7588846619502618,0.5728155727237275,0.9413085907085623,0.5317367767884538
194,0.07772676032723114,0.7791860028310554,0.07519167057751308,0.30830058533275695
195,0.03246728312011815,0.1870602997782027,0.9646334571972323,0.46345371281096814
196,0.4964549168430952,0.45009248857151063,0.4086626315209251,0.18580120669020428
197,0.38106572759731117,0.3190102600561614,0.8824762465356142,0.5099698664002182
198,0.8779048820219458,0.7343709433183876,0.5531443311412578,0.36893596707697063
199,0.5924603951623088,0.14089671232006395,0.6187275824118363,0.3277448255059989
200,0.3575906334483857,0.08591652000130712,0.1312358707633664,0.5483655028959611
201,0.9417746613052468,0.8396788741478092,0.8941293551521049,0.15014337108403342
202,0.2561325425452087,0.34221127800706164,0.7136811551054222,0.16529677713587532
203,0.5315722525561929,0.680077520883351,0.44433625458397563,0.6509798458435075
204,0.40914014605239823,0.06414030558503081,0.379400047460667,0.6981871796237364
205,0.9413630707471896,0.6690785973749513,0.23762493424025288,0.9804626156389267
206,0.13891174571102016,0.8273181031243612,0.3659101300493339,0.7706477266654627
207,0.7056337853358037,0.060465797848873626,0.8021531571926989,0.4588256683843429
208,0.8741001273481337,0.894105318921859,0.6245273066923197,0.31658255083638265
209,0.6773325071459874,0.34806438067743295,0.5546730100118128,0.26500862963148
210,0.5311662613623807,0.2834484587234152,0.40979471385407285,0.8845635561981259
211,0.6208582021492204,0.9453103273620139,0.1795952461582293,0.22145552011432346
212,0.5767492240956452,0.8208608483317869,0.4060812945974033,0.048282560013314324
213,0.3263281928938434,0.2720512611230951,0.18934433133167727,0.5155618094842234
214,0.32330975407575135,0.28055160625692843,0.23814677970473785,0.4829450669460471
215,0.6463879479063895,0.13712738204447894,0.09146020708752811,0.3214416630772332
216,0.6641909993176526,0.5101101712479095,0.7052850594975534,0.05935800136639868
217,0.7439984015911861,0.41016860344093264,0.19260062399906963,0.07406768387133278
218,0.16513216746028925,0.933905574015137,0.20625458616600167,0.026701380936165697
219,0.9134690523609257,0.7548207450356172,0.008911554769244101,0.5910029191142554
220,0.8739116902022377,0.5767478182318355,0.6646129896421741,0.7644655615652702
221,0.7351931216471297,0.0036218378677664864,0.3833436871687511,0.6203316694436277
222,0.9361831835035033,0.7169303098554416,0.6961772267576996,0.2449343176113722
223,0.3911608435221978,0.7252561087836482,0.5038579651002398,0.13975074455202297
224,0.5465152608392332,0.4696894650930291,0.6990454143828215,0.6935766553331676
225,0.1313074294375144,0.15288749972263493,0.7352538152440287,0.45207233916828726
226,0.955659127450182,0.47037436376153907,0.7112762434548928,0.33267850861543735
227,0.5212145035273041,0.8044894181726896,0.07851185698609953,0.9850019052245365
228,0.6156165056133922,0.8522047769707833,0.9114924633855568,0.8256244883870626
229,0.7485172623245319,0.1680962393137131,0.8367490831622195,0.24358573264814154
230,0.031571230525800686,0.16354402356232411,0.8735049092998615,0.3647780126056962
231,0.2233174703921772,0.6871811110829938,0.2617335893477891,0.0954955588326235
232,0.787333147026275,0.05420710011060814,0.3116617373675977,0.47806003607221337
233,0.5175519922025035,0.2906331532130164,0.5264493698628555,0.1944306874602717
234,0.4242748725728174,0.829563460574321,0.08406505511086326,0.6610576437692264
235,0.43003801518047424,0.8720333703094261,0.6429485909229333,0.9625976115848944
236,0.80940604887106,0.7779643448433234,0.38870249336461526,0.8386683719324194
237,0.3159361927774871,0.3361333363421296,0.45305423347308593,0.05968347236427429
238,0.4310134433868307,0.7804747015076422,0.46973303451569426,0.35872154663018685
239,0.6559000982301569,0.8239746182995965,0.9416286047863432,0.03729169143007216
240,0.1936564636068674,0.7916625518691627,0.047821204822099284,0.4979070016935402
241,0.8718598028387088,0.8768614969435686,0.8658165412369802,0.8657474333594336
242,0.7851849926072729,0.43711346689581454,0.9789098636165995,0.04933574056824486
243,0.5015470773094336,0.16024428102935417,0.815553745251951,0.5652107175917653
244,0.7906612048381373,0.9858967751467258,0.21141388010985018,0.41545716983334535
245,0.8232367197436624,0.5172755642423265,0.7932366080120409,0.8829454597328918
246,0.46964961814764694,0.72282585719557,0.685362275697906,0.40285786177271143
247,0.6082301303817943,0.153164426107676,0.32725928801593773,0.7815869093613842
248,0.5009079019481534,0.01953866290709827,0.3716905630523286,0.6698992016888521
249,0.32418059384064835,0.7182906833103245,0.11253391071433749,0.7516002858059786
250,0.06804379120633053,0.7649801152068123,0.61291910034601,0.8373745577128416
251,0.9977498450534609,0.3060752091310245,0.6044911591414135,0.0761758305118233
252,0.4784312060365059,0.45492876148426975,0.37245208895650217,0.22458487079617373
253,0.10104188878873976,0.01287547170041381,0.8734342469316216,0.16226007573848766
254,0.19351448625401702,0.24258904261640335,0.5139919482539352,0.07000096930023614
255,0.6957644513800438,0.6285988830953467,0.7131954742017537,0.7693682119912325
256,0.8983442169658804,0.19070611478797594,0.20185057380243732,0.8168886144996164
257,0.9151485448567191,0.7950040773277932,0.2597556727895839,0.3721742678481441
258,0.5383962959414282,0.9892337616009653,0.17100725301317055,0.8882109427975978
259,0.9374423780298898,0.5061899381237046,0.871353319706899,0.47860628047107123
260,0.11179758676762319,0.552382681916816,0.04838367073787875,0.15680719546554445
261,0.32458794727421525,0.1107701489559837,0.2132896454575438,0.1278991436095216
262,0.4465680355345246,0.6885445210985062,0.6582639786016439,0.44927700353954336
263,0.8366591376121603,0.7523708171522497,0.6257318918841042,0.9682490424106283
264,0.9599252253111298,0.2748128942561615,0.7434048432300066,0.16892064554043806
265,0.306180147565124,0.8729596350508344,0.8786516108721841,0.6278347719163051
266,0.666928468952538,0.21327040493581695,0.6520305907661396,0.038923338596488666
267,0.6646052078053152,0.1842271730335695,0.21845943121764488,0.6901796974668521
268,0.4750869276222839,0.12394195865272994,0.23465777264604637,0.3540296924096016
269,0.47437304177216744,0.26319732597519185,0.7638941225672228,0.22853859030528723
270,0.7425103604746408,0.4143789881361223,0.7361055916192364,0.883933307630889
271,0.8779044912202518,0.009055533040506769,0.7096116084537695,0.48510593074341657
272,0.4267252620233867,0.2096127407933378,0.8942441671875977,0.5576810959025641
273,0.3029098231596893,0.20018140756344882,0.771070594337598,0.10404065134498863
274,0.20714909629385359,0.8964424538050595,0.8824442231613115,0.5994636739068465
275,0.6429459615833591,0.9630904331750005,0.7320644703990336,0.011173851610688623
276,0.17312991700231273,0.6747508369291962,0.5685511157099964,0.2524090223267924
277,0.08027039911839651,0.6885227982012848,0.6917699789789843,0.1576443595979341
278,0.5684044790592938,0.020478238741562627,0.5635208003819531,0.8425920081020299
279,0.22556403554964022,0.7882063674736015,0.5901981040019668,0.4076814878987708
280,0.16407660289764725,0.8365525914442972,0.07608252973761864,0.11671197793265642
281,0.3532054441810337,0.6091886584759403,0.03980581087164592,0.6113268539119177
282,0.25416189859994953,0.9538754073124509,0.26130085798445035,0.7962702035678281
283,0.5237119715480031,0.3586711503373271,0.5748269871692463,0.20660506189869476
284,0.416750034217644,0.0860987689415117,0.2743929399875157,0.9255034991407238
285,0.024541257211444956,0.8704524023696074,0.29170598536488723,0.9969393452633343
286,0.5684979285351288,0.5424748403959239,0.7773323944166777,0.8601678217643087
287,0.6311189487195032,0.03033186492883766,0.903503840540769,0.928899186618913
288,0.006738864809552103,0.22396197099156911,0.44356777981509576,0.4087521142064444
289,0.7738125148278137,0.8568819548708582,0.042471419557795986,0.8002864722392555
290,0.753597483315458,0.8489474934642693,0.7716254429839394,0.21392123039741728
291,0.22222074260890456,0.49156843223599656,0.8997188782037643,0.7918625128765256
292,0.8326123407742241,0.8451200103212507,0.45865488623752204,0.35463781978680053
293,0.03777627274727413,0.9705013206010147,0.8747422468125468,0.7319073269816417
294,0.6163664931828343,0.962383017823727,0.06294732888299526,0.08725267929335334
295,0.7414334625140094,0.7850034401452121,0.7019734724195741,0.4884881217640301
296,0.04343457238993076,0.6906941747817844,0.7986589839996178,0.24753890984000282
297,0.8923501059313937,0.9567905488564916,0.42593812012365484,0.2107280358978656
298,0.3739496303796519,0.32283257510610763,0.3904220377458153,0.2861777634660162
299,0.1827406850841482,0.2344427506279465,0.006747891532211114,0.3266413540374309
300,0.5213525384974781,0.3747477331273614,0.383395231354843,0.5760564640027892
301,0.14977881876474664,0.040577767351042904,0.446711874956065,0.5135578937775126
302,0.15622439659352116,0.9198693675087414,0.7545077083180082,0.7057918836136513
303,0.964950889984948,0.7482716913478654,0.18259939001792969,0.7085231086897794
304,0.25659228877982765,0.8328058336971729,0.5037728934372201,0.24454900420673364
305,0.4942012596678611,0.35624198527539785,0.7644615030772653,0.4842489881994445
306,0.5118834828686897,0.3619874916090088,0.64328207202563,0.1658446049604626
307,0.3157889706679913,0.2555701967662951,0.47932968629677986,0.6580796559802657
308,0.7708777260180852,0.5967719807535703,0.30841832834763205,0.914054585814839
309,0.06680671561483498,0.15621538196885565,0.07023830840338308,0.6556718325603011
310,0.010792306521607009,0.22665609964484468,0.48871692224666363,0.8965484119443613
311,0.6509394129736124,0.44260185893497783,0.9919191550019812,0.714154711281561
312,0.03170092121617951,0.09924134492329983,0.5114450108199227,0.13853100102361193
313,0.006689377412559705,0.05289719610456545,0.4420003882382937,0.31423901887400574
314,0.5756832335354026,0.9157546333043863,0.9208885875636231,0.8355412223812264
315,0.64956682433777,0.849485869939521,0.23784748364345942,0.15111528230960158
316,0.08386741721762614,0.17785896100947107,0.4971175197856662,0.10196431311421483
317,0.7371163812749826,0.5152096174404326,0.38929055872782725,0.5741933102476646
318,0.4674199082108754,0.1861515396482889,0.11425669454069276,0.01834266950706187
319,0.2940275899516429,0.9520302236410608,0.5198905486933552,0.8887613574157515
320,0.8628198487092591,0.7996295735550958,0.20104194715043677,0.8607106860071553
321,0.2810196462308736,0.17550579750424689,0.8677867874664377,0.6558104929570401
322,0.4362180339917825,0.49875484625036326,0.17309932758233226,0.893187212642761
323,0.8086149087978249,0.7147608217190815,0.5212554613407909,0.6606107406349334
324,0.5234899787583903,0.4293303190230613,0.9120646408069035,0.5638592169745617
325,0.6228040983461384,0.5616037852546495,0.4309567839578534,0.9997915689452034
326,0.12127094496677226,0.5503837385978236,0.5777950841211544,0.3055518069983958
327,0.030663619502895978,0.5962153218010258,0.7775161922937824,0.8047155786920076
328,0.6355195851899412,0.13220949929495684,0.56992377583863,0.9453278768100755
329,0.32162262724874335,0.3295977936696608,0.5589268039066981,0.1060353473281791
330,0.47886130215305756,0.1628595143683852,0.49617267721459657,0.22352608855113254
331,0.2587989922026521,0.09844911609085538,0.6637450348319598,0.9643998014725873
332,0.38518974988058974,0.7289563011093803,0.2977443176706196,0.4767353538470209
333,0.898327635470726,0.8953922135549871,0.6214527729578738,0.8596578351460719
334,0.6029016823785919,0.49957760274366647,0.2013214723911142,0.24411503187258043
335,0.7286846220817029,0.1201595644181046,0.6170300771849562,0.5297407868990386
336,0.7981650706776982,0.6469917455681531,0.4515868436745879,0.2354472352661222
337,0.45989992740748586,0.8409141239344654,0.8163876033451501,0.09989564195847456
338,0.04044759810293119,0.8107300675628649,0.9173666375541557,0.48148125402705755
339,0.23059470271481897,0.8555367945328444,0.5503288374101264,0.2979131964220103
340,0.1983970883279389,0.01754994558055545,0.5553564338234003,0.11134428242262406
341,0.4125229170190555,0.4972411440326392,0.8445456403168202,0.33387941482822237
342,0.9194206076915883,0.9047130496923196,0.362231045819036,0.3188180473669906
343,0.14783685100398425,0.7986156388759857,0.5890700527793029,0.7879705859690582
344,0.6332082104358698,0.9773889180765626,0.007233580547325036,0.8463924047689007
345,0.5324040619476036,0.041970453874780045,0.6071161920624889,0.3784532340497264
346,0.3190638632209083,0.9690568761374435,0.7616511326880685,0.01762806730455868
347,0.003219965867355956,0.37658246282465924,0.12157871814813714,0.5593410022738355
348,0.2562361821745661,0.9372919038718192,0.07308366090480412,0.38543197855926814
349,0.08697869126470281,0.5032946627370077,0.2650895003240965,0.9811499682303192
350,0.8229320339361368,0.7131904986709217,0.766807007602099,0.31440572842877845
351,0.7839798055480856,0.9276347385149258,0.02655126170512956,0.14854545789685136
352,0.28629862454786503,0.9450310178028528,0.27011407440292845,0.16117073984650931
353,0.7514609427808001,0.4446780945628327,0.6870041778257117,0.7883540594536481
354,0.00561109036337315,0.257697120564532,0.3754416004073827,0.6795281041907115
355,0.9371212124888879,0.7728525456605547,0.20501983481133879,0.04151617366223315
356,0.6394142480036057,0.5289828000227162,0.8610246758394401,0.4615843768013712
357,0.5392197625925647,0.4462482128412135,0.4015370892515957,0.5943248441072444
358,0.2413415597973172,0.5763812461395676,0.5942180451141887,0.5402711117047745
359,0.23350240239829012,0.7073197535124732,0.04368648234484196,0.20254380402391026
360,0.30566563901385135,0.1240932876827956,0.2871650451573461,0.35876150403320284
361,0.918353183966149,0.09892660191702451,0.1636767429203665,0.8553107094484445
362,0.3425162477941337,0.2733699231962121,0.27507286595859626,0.5552940741086931
363,0.38068116910979655,0.8135425712580052,0.8435492581647848,0.29107069590451007
364,0.41657019073457857,0.6276343201987138,0.08062558192051084,0.6189236921980378
365,0.5485326182442665,0.5698347928613344,0.8103261920978765,0.8280051146504677
366,0.008059548689641982,0.30010935649490045,0.9438582159799763,0.7027636596830248
367,0.3124171226162744,0.2995071365100881,0.9461622638070075,0.8341003627027547
368,0.4773616968676523,0.1801208877572248,0.6494006919363783,0.9110639595175147
369,0.8979044278400455,0.5081667541412748,0.22370134451536094,0.5121587685687177
370,0.6760196133328957,0.1762992631025213,0.4158657573059509,0.9363142087717935
371,0.2705115347589109,0.6973223378487399,0.8784683277677494,0.7232641232509847
372,0.2563610845806844,0.2211323259743292,0.9842581433589326,0.10733996158881132
373,0.8237325383863816,0.13005121301794698,0.6711754894418039,0.5509099617239416
374,0.6079229742497739,0.9967486177892179,0.7885762916444554,0.08190989108307534
375,0.8825796526518446,0.07591079590200189,0.3605114489003328,0.07106146749223252
376,0.6966579986373268,0.12087097819415182,0.569913253470438,0.9454948016963866
377,0.31352895076316134,0.29002079341146003,0.23385588785828648,0.18761833293558938
378,0.8136474198638689,0.2893195127006164,0.021881982013180812,0.7510797745803172
379,0.7716956434482211,0.1048591736535256,0.2990178343307527,0.6671242424726597
380,0.7226317297499979,0.09229230941817812,0.37307200611265845,0.1753090953415687
381,0.3809607192347614,0.6207115695733537,0.4053489112217964,0.10209118551111529
382,0.84947323612834,0.6567461463622484,0.16824575466239078,0.13462542847343928
383,0.6128101889298504,0.753439178037021,0.35077541707483184,0.6593460156825367
384,0.11876494229998669,0.14447889948384796,0.8467230545573756,0.31660836075815746
385,0.1900008637639906,0.37854278664607877,0.766924883836008,0.24176471319239412
386,0.6660340782984494,0.8947116518906668,0.7970856294919837,0.6236195395079493
387,0.5213256226530646,0.3565539162852943,0.784468108647951,0.3336186056509006
388,0.3887951132098837,0.22722316009965626,0.28323924689516644,0.14236609722428195
389,0.8006173692517897,0.8819429389411576,0.32191905384526687,0.5879332240604347
390,0.7438034099001001,0.4861355484386749,0.88657176011428,0.7227134272143673
391,0.13701184915322584,0.03421029105057438,0.4870482556932514,0.2029787432077662
392,0.4957906326498742,0.25092875746261456,0.537647109818699,0.6141675099433335
393,0.6270013952687014,0.46051760985038515,0.13943490129679115,0.059462969523727316
394,0.16689079738585788,0.19004391813394228,0.08415307714737352,0.5051688857333889
395,0.0911936687506848,0.6100340269130716,0.05782204107413913,0.2666360083828232
396,0.6984927888155479,0.41908199420302605,0.10867650672243268,0.5216602860366812
397,0.5414421651051607,0.5490618610247868,0.7373139532591562,0.06450270395579372
398,0.8917827750816696,0.9622207609531686,0.46810945610650145,0.6023360069014482
